0.442189 -0.435118 1.253539
0.213350 -0.393755 1.269903
-0.097296 -0.044251 1.275293
0.010521 -0.266363 1.234941
0.398621 -0.440475 1.250163
-0.066558 -0.299057 1.258439
-0.000685 -0.222782 1.258247
0.193050 -0.396150 1.288928
0.198672 -0.387744 1.289014
0.438642 -0.451337 1.262181
-0.225241 0.152528 1.256862
-0.014324 -0.263820 1.258596
-0.085205 0.108070 1.279213
0.170155 -0.235120 1.284710
-0.012053 -0.390970 1.228776
0.010534 -0.268574 1.236685
-0.078408 -0.237093 1.234627
0.318329 -0.459878 1.277950
-0.075608 -0.284168 1.258031
0.318303 -0.406463 1.299367
0.542861 -0.001256 0.987172
-0.066349 -0.296961 1.225711
-0.088984 -0.032017 1.275404
0.562338 0.331314 0.913251
0.308665 -0.386264 1.252771
0.385506 -0.430885 1.222983
0.216972 -0.394801 1.285756
-0.049667 -0.379379 1.260603
-0.077872 -0.281876 1.257962
-0.007605 -0.387661 1.261536
-0.082376 -0.263590 1.257563
-0.055589 -0.385844 1.330835
-0.000204 -0.220406 1.233981
-0.088983 -0.033129 1.275402
0.479894 0.033708 0.985361
0.000869 -0.216751 1.225510
-0.034492 -0.390839 1.228389
-0.005579 -0.313351 1.227030
0.199234 -0.386620 1.289016
0.397076 0.108391 0.974458
0.442305 -0.451657 1.253897
-0.032224 -0.409172 1.239110
-0.036078 -0.393446 1.238608
-0.049277 -0.382648 1.260707
0.409544 -0.460431 1.261775
-0.053176 -0.386996 1.276304
0.499504 -0.434239 1.232370
-0.202486 0.133173 1.256469
0.152292 -0.224405 1.194229
0.495446 -0.438937 1.204485
0.541183 0.156590 0.988931
-0.041736 -0.394368 1.261130
0.212207 -0.397208 1.269924
-0.002169 -0.359575 1.283419
-0.234840 0.158030 1.279420
0.502636 -0.016637 0.983609
0.557918 0.321658 0.897389
-0.080686 -0.255213 1.233205
0.467221 0.256985 0.971747
0.195999 -0.434213 1.290080
0.010453 -0.265066 1.226465
-0.001064 -0.217898 1.235631
0.002743 -0.354477 1.238307
0.163189 -0.238633 1.280004
-0.014647 -0.045386 1.272343
-0.037516 -0.398337 1.218402
0.196130 -0.422408 1.269722
0.324297 -0.477550 1.278824
-0.088999 -0.065598 1.255535
0.199087 -0.395646 1.291820
-0.093365 -0.041815 1.277905
-0.058657 -0.306042 1.180347
0.495034 0.052598 0.983795
0.338442 0.053332 1.011663
-0.040546 -0.322939 1.235064
-0.078425 -0.248763 1.234820
0.004187 -0.346431 1.202340
0.504409 -0.448435 1.233069
-0.038310 -0.385182 1.260927
-0.100567 -0.287542 1.257887
-0.204751 0.132035 1.256460
-0.041515 -0.222630 1.257425
-0.075544 0.104832 1.256889
0.216039 -0.404419 1.292949
-0.068484 -0.041825 1.278235
-0.203956 0.129205 1.232239
-0.024524 -0.399059 1.237241
-0.091751 -0.052595 1.275349
-0.095633 -0.042026 1.275313
0.166188 -0.221581 1.261896
0.387699 0.136069 0.962609
-0.075842 -0.235784 1.224494
-0.020442 -0.272319 1.236083
-0.039924 -0.373820 1.238021
0.200006 -0.396221 1.311839
-0.094960 -0.273244 1.199404
0.557603 0.162803 1.025932
-0.044224 -0.436239 1.327751
-0.018943 -0.297038 1.212995
-0.068697 -0.308853 1.281094
-0.085248 -0.266924 1.280049
0.450278 -0.025912 0.994765
-0.077989 -0.244426 1.233048
0.255324 -0.521048 1.251249
0.462668 0.253708 0.963314
0.435597 -0.454763 1.253416
-0.101680 -0.279863 1.235200
-0.012735 -0.319182 1.237172
0.393250 -0.443989 1.260133
-0.086012 -0.031581 1.233102
-0.013920 -0.382843 1.202876
-0.000318 -0.223042 1.273773
-0.076931 -0.285376 1.273547
-0.009387 -0.369165 1.202612
0.192613 -0.389513 1.284330
0.197605 -0.428664 1.285595
0.380922 -0.449349 1.223045
0.485506 0.043790 1.002769
-0.009828 -0.327928 1.259990
-0.021204 -0.382787 1.193160
-0.062064 -0.325400 1.259079
-0.101920 -0.292009 1.280423
-0.060296 -0.250256 1.280035
-0.049381 -0.241269 1.179302
0.446988 -0.024218 0.979083
0.318437 -0.453564 1.253254
-0.031475 -0.382986 1.195555
-0.069986 -0.271440 1.233612
-0.073673 -0.223709 1.215466
0.517420 -0.490003 1.227890
-0.021565 -0.290686 1.226255
-0.021680 -0.385657 1.197383
-0.002382 -0.323058 1.227305
0.004017 -0.336024 1.227733
0.339954 0.024809 1.000544
0.328905 -0.455086 1.245444
0.408770 -0.457271 1.251329
0.333125 0.037610 1.006727
-0.012793 -0.381811 1.238689
-0.059180 -0.307264 1.236165
-0.020475 -0.311329 1.236854
0.312981 -0.449861 1.254523
-0.094610 -0.057713 1.297659
-0.036486 -0.364449 1.202036
-0.081690 -0.270907 1.273211
-0.022849 -0.278009 1.200391
-0.210741 0.136729 1.272022
0.331119 0.050748 0.991323
0.340975 0.038061 0.991823
-0.219558 0.150249 1.256794
0.317131 -0.455180 1.277747
-0.061949 -0.249944 1.257553
-0.003331 -0.363267 1.199229
0.477396 0.032520 0.997571
-0.087316 0.102443 1.336534
0.551801 0.325416 0.896956
-0.037926 -0.369071 1.236220
-0.067348 -0.298478 1.234177
-0.029724 -0.239173 1.233647
-0.031307 -0.403833 1.228798
-0.037662 -0.368142 1.227742
0.613562 0.353017 0.888254
0.457650 0.290693 0.969594
-0.013074 -0.383304 1.200798
-0.066906 -0.299436 1.235906
-0.062633 -0.319197 1.274447
0.158243 -0.211061 1.205389
0.535215 0.320833 0.897255
-0.072025 -0.042897 1.255757
-0.003860 -0.359013 1.175346
-0.015463 -0.270672 1.258697
-0.095791 -0.045158 1.255460
-0.068631 -0.038355 1.255816
-0.015990 -0.051797 1.219750
-0.014814 -0.304452 1.229728
-0.095352 -0.268900 1.179288
0.153133 -0.254161 1.344457
-0.058473 -0.038493 1.177798
0.453965 0.253518 0.962604
0.390167 0.107641 0.954480
0.237878 0.068193 1.270728
-0.021716 -0.290538 1.234699
-0.092305 -0.052039 1.275343
0.391939 -0.440290 1.249646
-0.008706 -0.040319 1.224349
-0.216814 0.137960 1.298763
0.342752 0.024971 1.007228
0.002753 -0.338821 1.237935
0.593282 0.183782 0.944373
-0.060813 -0.247666 1.257530
-0.041577 -0.284277 1.258482
0.156724 -0.208719 1.206531
0.356464 0.062856 1.015619
0.476940 0.033398 0.959775
0.618846 0.195690 0.984162
0.230336 -0.465323 1.248232
0.344048 0.049507 1.001092
0.380171 -0.429281 1.215432
0.593945 0.241348 0.919815
0.330772 0.036116 0.987135
-0.040697 -0.232666 1.224916
0.219620 -0.393764 1.290291
0.308717 -0.382423 1.242437
0.349303 0.050327 1.007991
0.346363 0.050803 0.992348
-0.015807 -0.387020 1.204626
-0.089001 -0.042890 1.255536
0.001516 -0.362427 1.261062
0.609959 0.192529 0.973597
0.361796 -0.019845 1.015047
0.481327 -0.015701 0.935941
-0.097591 -0.043718 1.335265
0.341760 -0.357583 1.198086
-0.010678 -0.385737 1.195978
-0.006213 -0.320495 1.251774
-0.067334 -0.290365 1.234010
0.383493 0.063820 0.953261
-0.216041 0.158044 1.258727
0.605381 0.348143 0.871349
0.389618 0.027634 0.960938
-0.047276 -0.371335 1.227685
-0.210087 0.151848 1.224168
0.239894 -0.478041 1.258784
0.448228 0.293525 0.968897
0.342809 0.040802 1.007422
0.321779 0.036944 0.971978
-0.031832 -0.237130 1.199553
-0.009339 -0.309902 1.201264
0.325395 -0.480552 1.294692
0.504314 -0.019588 0.959714
-0.091985 -0.272096 1.190485
-0.031990 -0.244048 1.211376
0.338291 -0.462722 1.279397
-0.016916 -0.286658 1.157930
0.537163 0.155678 0.974737
0.392162 0.021633 0.975458
0.471940 0.300573 0.965278
0.402010 -0.444726 1.259098
0.526803 -0.019521 1.001891
0.164247 -0.218789 1.239917
-0.080797 -0.244828 1.277123
0.570860 0.337305 0.926449
-0.047311 -0.390776 1.228204
-0.008460 -0.363012 1.179786
0.597597 0.242705 0.926556
0.392048 -0.456788 1.250029
-0.078444 -0.260438 1.235023
0.395497 0.106845 0.974320
0.393385 -0.463958 1.260607
-0.039849 -0.322957 1.236780
-0.000323 -0.332725 1.201934
0.596052 0.187810 0.955859
0.306081 -0.438142 1.217617
0.452406 0.273690 0.999997
0.495646 -0.015723 0.967376
0.417177 0.032361 0.992839
-0.003483 -0.334144 1.181821
0.469346 0.002511 0.944170
0.394115 0.053456 0.953896
0.353359 -0.128617 1.027958
-0.104859 -0.276769 1.233418
-0.055536 -0.241689 1.273769
0.421888 0.122676 0.911130
0.575893 0.332569 0.926769
0.004008 -0.352197 1.228111
0.430825 0.291987 0.969725
0.400486 0.113449 0.963144
-0.025642 -0.298988 1.301359
0.390493 0.146103 0.960613
0.486624 -0.031003 0.931617
0.593962 0.206211 0.945142
0.332950 0.025968 0.972615
0.375812 -0.021534 1.051707
-0.060923 -0.321968 1.259015
0.484718 0.043030 1.002694
-0.279860 0.154111 1.231352
-0.000645 -0.324659 1.158984
0.246532 0.064613 1.269719
0.005777 -0.204511 1.179839
0.352624 0.031767 1.016031
0.385593 0.057584 0.953323
0.345061 0.041605 1.010944
0.329231 0.036865 0.984115
-0.032606 -0.407183 1.237339
0.005106 -0.355739 1.236683
0.534555 -0.011822 1.015997
0.312560 -0.418365 1.296648
0.341379 0.049087 0.988072
-0.040732 -0.268054 1.225500
-0.043656 -0.272225 1.235680
-0.001037 -0.311500 1.178791
0.220759 -0.404886 1.313192
0.555467 0.322503 0.880484
0.376508 -0.007417 1.021389
0.396774 0.020979 0.989950
-0.037809 -0.279652 1.234208
-0.045849 -0.246865 1.295060
-0.060511 -0.229956 1.249349
0.299957 -0.541169 1.269597
0.319774 -0.456533 1.262995
0.402018 0.054784 0.974031
0.407663 0.028273 1.011938
0.391917 0.018033 0.972849
0.490533 -0.425760 1.208336
-0.033371 -0.247653 1.258669
0.429329 0.289983 0.967267
-0.072375 -0.237010 1.198984
0.524858 -0.014217 0.983625
0.404725 0.055650 0.978522
0.456260 -0.024955 0.999626
0.472765 0.287287 1.001938
0.397208 0.019389 0.991199
-0.003426 -0.232197 1.179985
0.339492 0.025462 1.000437
-0.043175 -0.279632 1.234123
0.244433 -0.491005 1.294343
0.226857 -0.499758 1.293634
0.373714 -0.016878 1.049887
-0.019464 -0.281659 1.177863
0.463515 0.253997 0.969079
0.371291 -0.017388 1.041246
0.380866 0.062193 0.994919
0.482381 0.299323 0.987411
0.350221 0.060555 0.992742
0.346978 0.036669 1.070419
0.493154 0.035655 1.025869
0.005761 -0.259998 1.180605
0.353392 0.067241 0.973319
-0.048720 -0.393489 1.236722
0.490930 -0.029261 0.936936
0.214446 -0.583753 1.251144
-0.079238 -0.306391 1.278353
0.439901 0.026001 0.995365
0.396051 0.052459 0.959322
0.515442 -0.021909 0.982054
-0.043620 -0.237187 1.235083
0.443740 -0.428158 1.204455
0.384203 0.133925 0.959878
0.447367 0.281869 0.945055
0.480174 0.302965 0.990814
0.477480 0.281165 0.986416
-0.043843 -0.281983 1.258402
-0.022795 -0.321939 1.293144
0.451774 0.263277 0.961834
0.007092 -0.191396 1.108478
-0.007792 -0.365628 1.157154
0.243239 -0.484762 1.259120
0.127264 0.149006 0.990635
0.382548 0.024131 0.972250
0.187075 -0.409281 1.221758
0.453928 -0.024197 0.999450
-0.015405 -0.048614 1.256824
0.601377 0.189557 0.896645
0.345378 -0.001246 0.971974
0.426195 0.290944 0.961371
0.394071 0.045124 0.953774
-0.040644 -0.388087 1.236685
0.554794 0.322400 0.915114
-0.017605 -0.260626 1.177534
0.241619 -0.483974 1.251102
-0.069819 -0.309168 1.303006
0.477029 0.286224 0.947634
0.456275 0.294062 1.005192
0.404237 0.111240 0.997383
0.348615 -0.006425 0.940102
0.406270 0.052868 0.974788
0.005657 -0.256490 1.157876
0.247088 0.100779 1.191589
0.570857 0.331706 0.906122
-0.085290 -0.277902 1.294968
0.386492 0.109036 0.930680
0.454088 0.256851 0.968371
0.453760 0.274342 0.982027
0.359862 -0.130329 1.043274
0.345128 0.040755 1.014534
0.412306 0.019607 1.024664
-0.018357 -0.300757 1.200907
0.241741 -0.488686 1.259143
-0.019678 -0.273489 1.173290
0.433684 -0.023837 0.955834
0.307330 0.033274 0.944784
0.381304 0.053401 0.952946
-0.078121 -0.303592 1.278302
0.568803 0.330161 0.900275
-0.080874 -0.298354 1.325821
0.401450 0.045594 0.973869
0.477174 0.297044 0.947950
0.450166 0.259139 0.959937
0.236838 0.104769 0.986343
0.570536 0.335933 0.898880
-0.061469 -0.317659 1.278808
0.442970 0.027876 1.008463
0.352202 0.321292 0.910614
0.204938 -0.422991 1.272393
0.370264 -0.007840 0.989460
0.452730 -0.438464 1.221748
0.365144 0.049319 0.956945
0.436355 0.285187 0.944257
0.446831 0.256097 0.951303
-0.006899 -0.299337 1.158355
-0.018365 -0.265148 1.193229
0.438706 -0.022768 0.964179
-0.080387 -0.266383 1.255359
0.372796 0.051196 0.931487
0.461030 0.041744 0.938120
0.451486 0.277865 0.952134
0.336837 -0.005904 0.914585
0.369387 0.049369 0.890003
0.332878 -0.026681 0.932183
